|               | Convolutional LSTMs - BPI 12 |       |        |       |        |       |        |       |        |       |
|---------------|------------------------------|-------|--------|-------|--------|-------|--------|-------|--------|-------|
|               | Window length 2              |       |        |       |        |       |        |       |        |       |
|               | 6--10                        |       | 11--15 |       | 16--20 |       | 21--25 |       | 26--30 |       |
| constraint    | count                        | ap    | count  | ap    | count  | ap    | count  | ap    | count  | ap    |
| Prec.         | 189                          | 0.855 | 236    | 0.953 | 147    | 0.489 | 93     | 0.379 | 38     | 0.245 |
| Alt. prec     | 0                            | 0.000 | 0      | 0.000 | 0      | 0.000 | 0      | 0.000 | 0      | 0.000 |
| Chain prec.   | 189                          | 0.853 | 236    | 0.954 | 147    | 0.553 | 93     | 0.400 | 38     | 0.276 |
| Resp.         | 189                          | 0.859 | 236    | 0.955 | 147    | 0.566 | 93     | 0.390 | 38     | 0.237 |
| Alt. resp.    | 0                            | 0.000 | 0      | 0.000 | 0      | 0.000 | 0      | 0.000 | 0      | 0.000 |
| Chain resp.   | 189                          | 0.853 | 236    | 0.953 | 147    | 0.538 | 93     | 0.382 | 38     | 0.250 |
| Abs.          | 4418                         | 1.000 | 8274   | 1.000 | 6868   | 0.999 | 3801   | 0.996 | 2078   | 0.995 |
| Exactly       | 450                          | 0.955 | 596    | 0.979 | 448    | 0.859 | 268    | 0.710 | 128    | 0.640 |
| Exactly (2)   | 10                           | 0.828 | 10     | 0.591 | 4      | 0.269 | 2      | 0.033 | 2      | 0.003 |
| Existence (3) | 0                            | 0.000 | 0      | 0.000 | 0      | 0.000 | 0      | 0.000 | 0      | 0.000 |
| Init          | 271                          | 0.895 | 370    | 0.957 | 305    | 0.814 | 177    | 0.536 | 92     | 0.457 |
| Last          | 271                          | 0.991 | 370    | 0.966 | 305    | 0.904 | 177    | 0.809 | 92     | 0.733 |
| Not suc.      | 189                          | 0.832 | 236    | 0.923 | 147    | 0.405 | 93     | 0.295 | 38     | 0.133 |
| Co-exist.     | 189                          | 0.876 | 236    | 0.949 | 147    | 0.558 | 93     | 0.443 | 38     | 0.272 |
|               | Window length 5              |       |        |       |        |       |        |       |        |       |
|               | 3--4                         |       | 5--6   |       | 7--8   |       | 9--10  |       | 11--12 |       |
| Prec.         | 351                          | 0.537 | 842    | 0.687 | 763    | 0.716 | 530    | 0.596 | 266    | 0.355 |
| Alt. prec     | 0                            | 0.000 | 0      | 0.000 | 0      | 0.000 | 0      | 0.000 | 0      | 0.000 |
| Chain prec.   | 264                          | 0.457 | 509    | 0.455 | 449    | 0.473 | 295    | 0.314 | 145    | 0.166 |
| Resp.         | 351                          | 0.684 | 842    | 0.675 | 763    | 0.715 | 530    | 0.603 | 266    | 0.344 |
| Alt. resp.    | 0                            | 0.000 | 0      | 0.000 | 0      | 0.000 | 0      | 0.000 | 0      | 0.000 |
| Chain resp.   | 260                          | 0.617 | 487    | 0.456 | 428    | 0.455 | 285    | 0.321 | 138    | 0.152 |
| Abs.          | 4332                         | 0.999 | 7994   | 0.999 | 6563   | 0.998 | 3594   | 0.998 | 1970   | 0.988 |
| Exactly       | 414                          | 0.811 | 750    | 0.904 | 683    | 0.914 | 436    | 0.868 | 218    | 0.611 |
| Exactly (2)   | 46                           | 0.523 | 63     | 0.660 | 39     | 0.592 | 23     | 0.220 | 10     | 0.049 |
| Existence (3) | 86                           | 0.405 | 73     | 0.557 | 35     | 0.358 | 18     | 0.518 | 10     | 0.082 |
| Init          | 271                          | 0.827 | 370    | 0.800 | 305    | 0.781 | 177    | 0.583 | 92     | 0.175 |
| Last          | 271                          | 0.958 | 370    | 0.936 | 305    | 0.931 | 177    | 0.925 | 92     | 0.749 |
| Not suc.      | 211                          | 0.514 | 702    | 0.676 | 686    | 0.650 | 486    | 0.529 | 249    | 0.358 |
| Co-exist.     | 351                          | 0.756 | 842    | 0.827 | 763    | 0.847 | 530    | 0.757 | 266    | 0.451 |
|               | Window length 10             |       |        |       |        |       |        |       |        |       |
|               | 2                            |       | 3      |       | 4      |       | 5      |       | 6      |       |
| Prec.         | 806                          | 0.836 | 1880   | 0.597 | 1424   | 0.583 | 957    | 0.494 | 538    | 0.479 |
| Alt. prec     | 0                            | 0.000 | 3      | 0.694 | 1      | 0.048 | 0      | 0.000 | 1      | 0.001 |
| Chain prec.   | 390                          | 0.697 | 813    | 0.424 | 622    | 0.360 | 402    | 0.292 | 220    | 0.230 |
| Resp.         | 806                          | 0.830 | 1880   | 0.575 | 1424   | 0.589 | 957    | 0.553 | 538    | 0.572 |
| Alt. resp.    | 0                            | 0.000 | 23     | 0.249 | 5      | 0.089 | 8      | 0.233 | 3      | 0.014 |
| Chain resp.   | 398                          | 0.803 | 798    | 0.406 | 588    | 0.315 | 389    | 0.283 | 224    | 0.234 |
| Abs.          | 4187                         | 0.999 | 7644   | 0.996 | 6363   | 0.997 | 3472   | 0.996 | 1886   | 0.993 |
| Exactly       | 482                          | 0.875 | 929    | 0.800 | 769    | 0.852 | 485    | 0.804 | 270    | 0.744 |
| Exactly (2)   | 20                           | 0.257 | 78     | 0.586 | 43     | 0.318 | 33     | 0.386 | 17     | 0.158 |
| Existence (3) | 189                          | 0.853 | 229    | 0.799 | 145    | 0.711 | 81     | 0.456 | 35     | 0.418 |
| Init          | 271                          | 0.912 | 370    | 0.942 | 305    | 0.814 | 177    | 0.705 | 92     | 0.401 |
| Last          | 271                          | 0.904 | 370    | 0.870 | 305    | 0.835 | 177    | 0.827 | 92     | 0.779 |
| Not suc.      | 514                          | 0.812 | 1274   | 0.563 | 1059   | 0.537 | 697    | 0.441 | 394    | 0.416 |
| Co-exist.     | 806                          | 0.858 | 1880   | 0.706 | 1424   | 0.733 | 957    | 0.733 | 538    | 0.675 |
