|               | Encoder-decoder LSTMs - BPI 12 |       |        |       |        |       |        |       |        |       |
|---------------|--------------------------------|-------|--------|-------|--------|-------|--------|-------|--------|-------|
|               | Window length 2                |       |        |       |        |       |        |       |        |       |
|               | 6--10                          |       | 11--15 |       | 16--20 |       | 21--25 |       | 26--30 |       |
| constraint    | count                          | ap    | count  | ap    | count  | ap    | count  | ap    | count  | ap    |
| Prec.         | 181                            | 0.834 | 239    | 0.587 | 160    | 0.481 | 84     | 0.001 | 37     | 0.001 |
| Alt. prec     | 0                              | 0.000 | 0      | 0.000 | 0      | 0.000 | 0      | 0.000 | 0      | 0.000 |
| Chain prec.   | 181                            | 0.832 | 239    | 0.734 | 160    | 0.492 | 84     | 0.001 | 37     | 0.001 |
| Resp.         | 181                            | 0.834 | 239    | 0.745 | 160    | 0.498 | 84     | 0.001 | 37     | 0.001 |
| Alt. resp.    | 0                              | 0.000 | 0      | 0.000 | 0      | 0.000 | 0      | 0.000 | 0      | 0.000 |
| Chain resp.   | 181                            | 0.835 | 239    | 0.744 | 160    | 0.464 | 84     | 0.001 | 37     | 0.001 |
| Abs.          | 4426                           | 0.999 | 8271   | 0.999 | 6855   | 0.998 | 3810   | 0.936 | 2079   | 0.942 |
| Exactly       | 438                            | 0.926 | 590    | 0.911 | 461    | 0.734 | 256    | 0.003 | 128    | 0.002 |
| Exactly (2)   | 14                             | 0.752 | 19     | 0.164 | 4      | 0.027 | 5      | 0.000 | 1      | 0.000 |
| Existence (3) | 0                              | 0.000 | 0      | 0.000 | 0      | 0.000 | 0      | 0.000 | 0      | 0.000 |
| Init          | 271                            | 0.859 | 370    | 0.861 | 305    | 0.529 | 177    | 0.002 | 92     | 0.002 |
| Last          | 271                            | 0.937 | 370    | 0.908 | 305    | 0.842 | 177    | 0.002 | 92     | 0.002 |
| Not suc.      | 181                            | 0.822 | 239    | 0.666 | 160    | 0.480 | 84     | 0.001 | 37     | 0.001 |
| Co-exist.     | 181                            | 0.826 | 239    | 0.738 | 160    | 0.446 | 84     | 0.001 | 37     | 0.001 |
|               | Window length 5                |       |        |       |        |       |        |       |        |       |
|               | 3--4                           |       | 5--6   |       | 7--8   |       | 9--10  |       | 11--12 |       |
| Prec.         | 340                            | 0.484 | 929    | 0.689 | 760    | 0.502 | 514    | 0.457 | 258    | 0.243 |
| Alt. prec     | 0                              | 0.000 | 1      | 0.000 | 0      | 0.000 | 0      | 0.000 | 0      | 0.000 |
| Chain prec.   | 250                            | 0.409 | 545    | 0.454 | 442    | 0.298 | 288    | 0.181 | 144    | 0.156 |
| Resp.         | 340                            | 0.636 | 929    | 0.672 | 760    | 0.485 | 514    | 0.456 | 258    | 0.239 |
| Alt. resp.    | 0                              | 0.000 | 1      | 0.000 | 0      | 0.000 | 0      | 0.000 | 0      | 0.000 |
| Chain resp.   | 254                            | 0.573 | 535    | 0.444 | 427    | 0.297 | 275    | 0.198 | 138    | 0.144 |
| Abs.          | 4341                           | 0.998 | 7953   | 0.999 | 6568   | 0.998 | 3605   | 0.995 | 1971   | 0.987 |
| Exactly       | 402                            | 0.789 | 797    | 0.898 | 691    | 0.815 | 435    | 0.728 | 221    | 0.467 |
| Exactly (2)   | 48                             | 0.658 | 67     | 0.743 | 32     | 0.295 | 16     | 0.145 | 9      | 0.039 |
| Existence (3) | 87                             | 0.451 | 63     | 0.517 | 29     | 0.361 | 15     | 0.178 | 7      | 0.229 |
| Init          | 271                            | 0.844 | 370    | 0.806 | 305    | 0.490 | 177    | 0.395 | 92     | 0.216 |
| Last          | 271                            | 0.975 | 370    | 0.924 | 305    | 0.837 | 177    | 0.812 | 92     | 0.604 |
| Not suc.      | 193                            | 0.461 | 774    | 0.657 | 698    | 0.479 | 488    | 0.490 | 243    | 0.260 |
| Co-exist.     | 340                            | 0.678 | 929    | 0.836 | 760    | 0.639 | 514    | 0.529 | 258    | 0.276 |
|               | Window length 10               |       |        |       |        |       |        |       |        |       |
|               | 2                              |       | 3      |       | 4      |       | 5      |       | 6      |       |
| Prec.         | 886                            | 0.803 | 1819   | 0.585 | 1486   | 0.599 | 974    | 0.467 | 567    | 0.471 |
| Alt. prec     | 2                              | 1.000 | 1      | 0.071 | 0      | 0.000 | 1      | 0.071 | 0      | 0.000 |
| Chain prec.   | 413                            | 0.686 | 820    | 0.394 | 662    | 0.354 | 403    | 0.260 | 232    | 0.207 |
| Resp.         | 886                            | 0.808 | 1819   | 0.561 | 1486   | 0.575 | 974    | 0.464 | 567    | 0.524 |
| Alt. resp.    | 3                              | 0.685 | 15     | 0.135 | 7      | 0.289 | 9      | 0.183 | 2      | 0.154 |
| Chain resp.   | 428                            | 0.781 | 792    | 0.360 | 646    | 0.325 | 390    | 0.237 | 231    | 0.212 |
| Abs.          | 4160                           | 0.998 | 7645   | 0.996 | 6323   | 0.997 | 3466   | 0.993 | 1874   | 0.992 |
| Exactly       | 511                            | 0.878 | 928    | 0.794 | 797    | 0.829 | 486    | 0.730 | 278    | 0.752 |
| Exactly (2)   | 14                             | 0.246 | 82     | 0.499 | 57     | 0.458 | 31     | 0.257 | 18     | 0.170 |
| Existence (3) | 193                            | 0.875 | 225    | 0.765 | 143    | 0.621 | 88     | 0.475 | 38     | 0.381 |
| Init          | 271                            | 0.901 | 370    | 0.923 | 305    | 0.830 | 177    | 0.559 | 92     | 0.386 |
| Last          | 271                            | 0.949 | 370    | 0.860 | 305    | 0.872 | 177    | 0.786 | 92     | 0.750 |
| Not suc.      | 567                            | 0.775 | 1190   | 0.519 | 1076   | 0.525 | 714    | 0.402 | 420    | 0.436 |
| Co-exist.     | 886                            | 0.843 | 1819   | 0.704 | 1486   | 0.759 | 974    | 0.651 | 567    | 0.671 |
