|             |        |          | Convolutional LSTMs |         |       |        |          | Encoder-decoder LSTMs |       |       |       |        |
|-------------|--------|----------|---------------------|---------|-------|--------|----------|-----------------------|-------|-------|-------|--------|
| Event log   | #Win.  | Metric   | mean                | std     | min   | med    | max      | mean                  | std   | min   | med   | max    |
| BPI 12 (2)  | 6--10  | AP       | 0.973               | 0.034   | 0.799 | 0.985  | 0.992    | 0.574                 | 0.369 | 0.005 | 0.737 | 0.982  |
|             |        | AUC      | 0.997               | 0.015   | 0.91  | 1      | 1        | 0.669                 | 0.233 | 0.49  | 0.5   | 1      |
|             |        | F--score | 0.924               | 0.035   | 0.801 | 0.94   | 0.959    | 0.619                 | 0.316 | 0.011 | 0.808 | 0.936  |
|             |        | Time     | 8.82                | 2.974   | 4.237 | 8.373  | 16.33    | 4.015                 | 1.324 | 1.923 | 4.142 | 6.173  |
|             | 11--15 | AP       | 0.966               | 0.036   | 0.832 | 0.977  | 0.996    | 0.71                  | 0.211 | 0.234 | 0.726 | 0.977  |
|             |        | AUC      | 0.999               | 0.004   | 0.978 | 1      | 1        | 0.673                 | 0.234 | 0.491 | 0.5   | 0.998  |
|             |        | F--score | 0.916               | 0.042   | 0.817 | 0.921  | 0.97     | 0.782                 | 0.125 | 0.392 | 0.831 | 0.922  |
|             |        | Time     | 29.167              | 36.894  | 8.638 | 19.424 | 230.284  | 8.876                 | 2.674 | 4.715 | 9.178 | 13.645 |
|             | 16--20 | AP       | 0.934               | 0.064   | 0.629 | 0.955  | 0.973    | 0.649                 | 0.15  | 0.303 | 0.685 | 0.961  |
|             |        | AUC      | 0.994               | 0.014   | 0.923 | 0.999  | 1        | 0.531                 | 0.125 | 0.496 | 0.5   | 0.999  |
|             |        | F--score | 0.885               | 0.035   | 0.699 | 0.89   | 0.921    | 0.78                  | 0.106 | 0.48  | 0.823 | 0.889  |
|             |        | Time     | 25.853              | 14.005  | 9.197 | 22.036 | 68.545   | 9.313                 | 2.891 | 4.861 | 9.679 | 14.31  |
|             | 21--25 | AP       | 0.891               | 0.15    | 0.025 | 0.92   | 0.948    | 0.657                 | 0.086 | 0.459 | 0.698 | 0.724  |
|             |        | AUC      | 0.993               | 0.032   | 0.804 | 0.999  | 1        | 0.5                   | 0     | 0.5   | 0.5   | 0.5    |
|             |        | F--score | 0.847               | 0.131   | 0.083 | 0.868  | 0.89     | 0.799                 | 0.063 | 0.655 | 0.83  | 0.847  |
|             |        | Time     | 18.425              | 10.369  | 6.536 | 15.207 | 49.744   | 6.507                 | 2.068 | 3.325 | 6.725 | 9.953  |
|             | 26--30 | AP       | 0.906               | 0.018   | 0.838 | 0.909  | 0.931    | 0.659                 | 0.119 | 0.327 | 0.702 | 0.75   |
|             |        | AUC      | 0.996               | 0.003   | 0.989 | 0.997  | 0.999    | 0.5                   | 0     | 0.5   | 0.5   | 0.5    |
|             |        | F--score | 0.867               | 0.008   | 0.855 | 0.867  | 0.885    | 0.801                 | 0.088 | 0.54  | 0.832 | 0.862  |
|             |        | Time     | 43.557              | 191.574 | 4.037 | 9.574  | 1160.427 | 3.935                 | 1.248 | 2.002 | 4.092 | 6.1    |
| BPI 12 (5)  | 3--4   | AP       | 0.941               | 0.016   | 0.853 | 0.943  | 0.953    | 0.877                 | 0.121 | 0.564 | 0.918 | 0.948  |
|             |        | AUC      | 0.999               | 0.001   | 0.992 | 0.999  | 1        | 0.973                 | 0.06  | 0.817 | 0.997 | 1      |
|             |        | F--score | 0.851               | 0.011   | 0.803 | 0.851  | 0.867    | 0.822                 | 0.036 | 0.743 | 0.833 | 0.864  |
|             |        | Time     | 4.547               | 1.511   | 2.229 | 4.291  | 7.939    | 2.487                 | 0.739 | 1.376 | 2.586 | 3.863  |
|             | 5--6   | AP       | 0.922               | 0.025   | 0.849 | 0.932  | 0.948    | 0.799                 | 0.15  | 0.46  | 0.835 | 0.933  |
|             |        | AUC      | 0.999               | 0.001   | 0.997 | 0.999  | 1        | 0.962                 | 0.079 | 0.773 | 0.998 | 0.999  |
|             |        | F--score | 0.828               | 0.025   | 0.768 | 0.838  | 0.858    | 0.755                 | 0.059 | 0.667 | 0.747 | 0.834  |
|             |        | Time     | 11.44               | 5.602   | 4.454 | 9.68   | 28.208   | 5.078                 | 1.607 | 2.475 | 5.163 | 8.016  |
|             | 7--8   | AP       | 0.873               | 0.076   | 0.665 | 0.909  | 0.936    | 0.795                 | 0.108 | 0.507 | 0.798 | 0.899  |
|             |        | AUC      | 0.996               | 0.005   | 0.976 | 0.998  | 0.999    | 0.974                 | 0.066 | 0.781 | 0.997 | 0.999  |
|             |        | F--score | 0.791               | 0.05    | 0.677 | 0.814  | 0.845    | 0.74                  | 0.038 | 0.691 | 0.725 | 0.799  |
|             |        | Time     | 12.307              | 6.48    | 4.385 | 10.345 | 31.236   | 5.137                 | 1.545 | 2.508 | 5.239 | 7.873  |
|             | 9--10  | AP       | 0.8                 | 0.083   | 0.533 | 0.822  | 0.909    | 0.661                 | 0.175 | 0.293 | 0.739 | 0.846  |
|             |        | AUC      | 0.994               | 0.01    | 0.954 | 0.997  | 0.999    | 0.918                 | 0.108 | 0.72  | 0.994 | 0.998  |
|             |        | F--score | 0.729               | 0.052   | 0.599 | 0.738  | 0.818    | 0.668                 | 0.05  | 0.528 | 0.682 | 0.746  |
|             |        | Time     | 8.76                | 4.661   | 3.064 | 7.311  | 22.387   | 3.518                 | 1.083 | 1.778 | 3.609 | 5.575  |
|             | 11--12 | AP       | 0.73                | 0.051   | 0.511 | 0.743  | 0.798    | 0.61                  | 0.149 | 0.239 | 0.693 | 0.768  |
|             |        | AUC      | 0.988               | 0.026   | 0.848 | 0.995  | 0.997    | 0.907                 | 0.117 | 0.715 | 0.992 | 0.996  |
|             |        | F--score | 0.678               | 0.019   | 0.624 | 0.676  | 0.716    | 0.651                 | 0.047 | 0.482 | 0.663 | 0.678  |
|             |        | Time     | 5.608               | 2.94    | 1.927 | 4.759  | 14.176   | 2.152                 | 0.646 | 1.117 | 2.165 | 3.371  |
| BPI 12 (10) | 2      | AP       | 0.922               | 0.016   | 0.887 | 0.923  | 0.957    | 0.858                 | 0.184 | 0.377 | 0.926 | 0.947  |
|             |        | AUC      | 0.998               | 0.002   | 0.989 | 0.999  | 0.999    | 0.965                 | 0.09  | 0.728 | 0.998 | 0.999  |
|             |        | F--score | 0.844               | 0.017   | 0.814 | 0.844  | 0.89     | 0.818                 | 0.088 | 0.585 | 0.848 | 0.877  |
|             |        | Time     | 2.423               | 0.646   | 1.449 | 2.386  | 3.78     | 1.748                 | 0.501 | 1.122 | 1.752 | 2.916  |
|             | 3      | AP       | 0.827               | 0.019   | 0.779 | 0.832  | 0.854    | 0.787                 | 0.124 | 0.342 | 0.814 | 0.858  |
|             |        | AUC      | 0.997               | 0.001   | 0.994 | 0.997  | 0.998    | 0.979                 | 0.073 | 0.705 | 0.997 | 0.999  |
|             |        | F--score | 0.736               | 0.019   | 0.695 | 0.738  | 0.768    | 0.712                 | 0.054 | 0.548 | 0.726 | 0.764  |
|             |        | Time     | 5.585               | 2.288   | 2.679 | 5.293  | 12.431   | 3.404                 | 1.174 | 1.815 | 3.57  | 5.906  |
|             | 4      | AP       | 0.821               | 0.035   | 0.711 | 0.831  | 0.868    | 0.727                 | 0.172 | 0.261 | 0.802 | 0.851  |
|             |        | AUC      | 0.997               | 0.002   | 0.99  | 0.997  | 0.999    | 0.96                  | 0.1   | 0.698 | 0.997 | 0.998  |
|             |        | F--score | 0.725               | 0.029   | 0.637 | 0.733  | 0.769    | 0.67                  | 0.076 | 0.492 | 0.704 | 0.748  |
|             |        | Time     | 6.08                | 2.789   | 2.567 | 5.338  | 14.182   | 3.253                 | 1.05  | 1.761 | 3.369 | 5.269  |
|             | 5      | AP       | 0.758               | 0.047   | 0.652 | 0.777  | 0.819    | 0.681                 | 0.146 | 0.166 | 0.709 | 0.783  |
|             |        | AUC      | 0.994               | 0.003   | 0.987 | 0.995  | 0.997    | 0.974                 | 0.082 | 0.665 | 0.995 | 0.997  |
|             |        | F--score | 0.671               | 0.037   | 0.581 | 0.685  | 0.721    | 0.614                 | 0.071 | 0.395 | 0.622 | 0.691  |
|             |        | Time     | 4.352               | 2.056   | 1.733 | 3.795  | 10.35    | 2.206                 | 0.715 | 1.064 | 2.287 | 3.546  |
|             | 6      | AP       | 0.688               | 0.045   | 0.597 | 0.692  | 0.772    | 0.625                 | 0.165 | 0.189 | 0.665 | 0.779  |
|             |        | AUC      | 0.991               | 0.004   | 0.978 | 0.993  | 0.995    | 0.951                 | 0.11  | 0.653 | 0.993 | 0.997  |
|             |        | F--score | 0.616               | 0.037   | 0.555 | 0.614  | 0.689    | 0.583                 | 0.065 | 0.406 | 0.593 | 0.667  |
|             |        | Time     | 2.898               | 1.424   | 1.131 | 2.495  | 7.01     | 1.356                 | 0.412 | 0.692 | 1.368 | 2.144  |
