|             |        |          | Convolutional LSTMs |        |        |         |         | Encoder-decoder LSTMs |        |        |        |        |
|-------------|--------|----------|---------------------|--------|--------|---------|---------|-----------------------|--------|--------|--------|--------|
| Event log   | #Win.  | Metric   | mean                | std    | min    | med     | max     | mean                  | std    | min    | med    | max    |
| BPI 17 (2)  | 6--10  | AP       | 0.96                | 0.105  | 0.559  | 0.997   | 1       | 0.819                 | 0.306  | 0.109  | 0.992  | 0.999  |
|             |        | AUC      | 0.964               | 0.122  | 0.463  | 0.998   | 1       | 0.842                 | 0.238  | 0.499  | 0.995  | 1      |
|             |        | F--score | 0.959               | 0.086  | 0.578  | 0.988   | 0.997   | 0.851                 | 0.257  | 0.191  | 0.975  | 0.993  |
|             |        | Time     | 16.732              | 7.016  | 7.137  | 16.039  | 36.557  | 7.216                 | 2.259  | 3.629  | 7.483  | 11.189 |
|             | 11--15 | AP       | 0.963               | 0.076  | 0.778  | 0.998   | 1       | 0.724                 | 0.208  | 0.301  | 0.703  | 0.999  |
|             |        | AUC      | 0.981               | 0.04   | 0.886  | 1       | 1       | 0.641                 | 0.222  | 0.499  | 0.5    | 0.998  |
|             |        | F--score | 0.971               | 0.046  | 0.862  | 0.992   | 0.998   | 0.824                 | 0.134  | 0.484  | 0.834  | 0.995  |
|             |        | Time     | 141.209             | 78.014 | 51.816 | 117.244 | 376.791 | 56.018                | 12.306 | 40.244 | 55.498 | 81.215 |
|             | 16--20 | AP       | 0.979               | 0.047  | 0.813  | 0.997   | 1       | 0.715                 | 0.226  | 0.168  | 0.697  | 0.998  |
|             |        | AUC      | 0.993               | 0.023  | 0.906  | 1       | 1       | 0.654                 | 0.237  | 0.495  | 0.5    | 0.998  |
|             |        | F--score | 0.967               | 0.044  | 0.859  | 0.982   | 0.997   | 0.803                 | 0.144  | 0.371  | 0.83   | 0.986  |
|             |        | Time     | 130.976             | 72.696 | 45.208 | 107.832 | 349.506 | 47.382                | 14.182 | 25.15  | 49.617 | 71.148 |
|             | 21--25 | AP       | 0.949               | 0.168  | 0.032  | 0.997   | 1       | 0.645                 | 0.168  | 0.255  | 0.707  | 0.869  |
|             |        | AUC      | 0.981               | 0.079  | 0.546  | 1       | 1       | 0.5                   | 0.001  | 0.496  | 0.5    | 0.5    |
|             |        | F--score | 0.934               | 0.152  | 0.122  | 0.98    | 0.996   | 0.779                 | 0.135  | 0.41   | 0.835  | 0.885  |
|             |        | Time     | 120.952             | 68.359 | 40.925 | 100.147 | 325.313 | 42.942                | 13.494 | 22.604 | 43.995 | 65.154 |
|             | 26--30 | AP       | 0.945               | 0.161  | 0.028  | 0.98    | 0.994   | 0.673                 | 0.134  | 0.325  | 0.734  | 0.759  |
|             |        | AUC      | 0.97                | 0.123  | 0.402  | 1       | 1       | 0.5                   | 0      | 0.5    | 0.5    | 0.5    |
|             |        | F--score | 0.913               | 0.142  | 0.111  | 0.947   | 0.966   | 0.807                 | 0.1    | 0.533  | 0.854  | 0.868  |
|             |        | Time     | 87.738              | 49.534 | 28.326 | 71.171  | 233.279 | 29.611                | 8.965  | 15.747 | 30.777 | 45.045 |
| BPI 17 (5)  | 3--4   | AP       | 0.946               | 0.117  | 0.52   | 0.984   | 0.992   | 0.945                 | 0.16   | 0.343  | 0.984  | 0.991  |
|             |        | AUC      | 0.977               | 0.067  | 0.74   | 0.999   | 1       | 0.981                 | 0.072  | 0.711  | 0.999  | 1      |
|             |        | F--score | 0.938               | 0.073  | 0.668  | 0.96    | 0.975   | 0.934                 | 0.102  | 0.554  | 0.961  | 0.974  |
|             |        | Time     | 7.944               | 2.968  | 3.803  | 7.434   | 16.159  | 4.318                 | 1.408  | 2.232  | 4.377  | 6.791  |
|             | 5--6   | AP       | 0.972               | 0.063  | 0.616  | 0.987   | 0.991   | 0.913                 | 0.184  | 0.402  | 0.983  | 0.991  |
|             |        | AUC      | 0.992               | 0.034  | 0.802  | 1       | 1       | 0.975                 | 0.066  | 0.803  | 1      | 1      |
|             |        | F--score | 0.937               | 0.035  | 0.751  | 0.946   | 0.955   | 0.898                 | 0.095  | 0.632  | 0.935  | 0.955  |
|             |        | Time     | 65.707              | 34.593 | 23.683 | 54.083  | 165.441 | 28.821                | 7.956  | 14.266 | 29.037 | 44.884 |
|             | 7--8   | AP       | 0.962               | 0.032  | 0.818  | 0.972   | 0.981   | 0.813                 | 0.214  | 0.362  | 0.903  | 0.973  |
|             |        | AUC      | 0.998               | 0.005  | 0.97   | 1       | 1       | 0.947                 | 0.093  | 0.775  | 0.999  | 1      |
|             |        | F--score | 0.899               | 0.036  | 0.748  | 0.908   | 0.923   | 0.8                   | 0.097  | 0.598  | 0.812  | 0.909  |
|             |        | Time     | 62.294              | 32.61  | 22.007 | 52.266  | 157.082 | 24.881                | 7.39   | 12.399 | 26.382 | 37.663 |
|             | 9--10  | AP       | 0.927               | 0.072  | 0.692  | 0.959   | 0.98    | 0.7                   | 0.238  | 0.251  | 0.807  | 0.964  |
|             |        | AUC      | 0.992               | 0.03   | 0.851  | 0.999   | 1       | 0.905                 | 0.107  | 0.763  | 0.964  | 1      |
|             |        | F--score | 0.87                | 0.066  | 0.7    | 0.897   | 0.93    | 0.732                 | 0.106  | 0.498  | 0.741  | 0.897  |
|             |        | Time     | 57.955              | 31.685 | 19.484 | 48.078  | 146.974 | 22.138                | 5.661  | 12.16  | 22.631 | 33.098 |
|             | 11--12 | AP       | 0.891               | 0.154  | 0.071  | 0.946   | 0.975   | 0.637                 | 0.254  | 0.167  | 0.541  | 0.966  |
|             |        | AUC      | 0.984               | 0.059  | 0.661  | 0.999   | 1       | 0.881                 | 0.107  | 0.763  | 0.802  | 1      |
|             |        | F--score | 0.83                | 0.134  | 0.149  | 0.882   | 0.924   | 0.715                 | 0.123  | 0.392  | 0.719  | 0.898  |
|             |        | Time     | 39.968              | 21.802 | 13.066 | 32.77   | 102.656 | 14.626                | 4.393  | 7.361  | 15.037 | 22.494 |
| BPI 17 (10) | 2      | AP       | 0.979               | 0.005  | 0.968  | 0.979   | 0.989   | 0.956                 | 0.073  | 0.769  | 0.982  | 0.988  |
|             |        | AUC      | 0.999               | 0      | 0.998  | 0.999   | 1       | 0.988                 | 0.031  | 0.908  | 0.999  | 1      |
|             |        | F--score | 0.952               | 0.008  | 0.935  | 0.951   | 0.966   | 0.945                 | 0.029  | 0.874  | 0.953  | 0.97   |
|             |        | Time     | 4.299               | 1.227  | 2.469  | 4.165   | 7.444   | 2.957                 | 0.878  | 1.754  | 2.985  | 4.751  |
|             | 3      | AP       | 0.921               | 0.015  | 0.884  | 0.926   | 0.938   | 0.93                  | 0.007  | 0.913  | 0.932  | 0.939  |
|             |        | AUC      | 0.998               | 0.004  | 0.977  | 0.999   | 0.999   | 0.999                 | 0.001  | 0.995  | 0.999  | 0.999  |
|             |        | F--score | 0.849               | 0.013  | 0.822  | 0.847   | 0.869   | 0.859                 | 0.007  | 0.842  | 0.86   | 0.868  |
|             |        | Time     | 32.042              | 13.985 | 14.555 | 29.309  | 73.366  | 19.018                | 6.513  | 9.618  | 19.416 | 34.132 |
|             | 4      | AP       | 0.9                 | 0.017  | 0.854  | 0.907   | 0.92    | 0.859                 | 0.124  | 0.4    | 0.895  | 0.914  |
|             |        | AUC      | 0.999               | 0.001  | 0.997  | 0.999   | 0.999   | 0.982                 | 0.065  | 0.738  | 0.999  | 0.999  |
|             |        | F--score | 0.805               | 0.014  | 0.772  | 0.808   | 0.822   | 0.78                  | 0.051  | 0.606  | 0.797  | 0.822  |
|             |        | Time     | 29.948              | 14.221 | 12.292 | 26.284  | 71.597  | 15.735                | 5.514  | 8.166  | 16.474 | 27.556 |
|             | 5      | AP       | 0.9                 | 0.03   | 0.754  | 0.906   | 0.924   | 0.833                 | 0.145  | 0.326  | 0.892  | 0.913  |
|             |        | AUC      | 0.997               | 0.007  | 0.954  | 0.999   | 0.999   | 0.982                 | 0.066  | 0.734  | 0.998  | 0.999  |
|             |        | F--score | 0.817               | 0.026  | 0.7    | 0.821   | 0.84    | 0.763                 | 0.077  | 0.558  | 0.8    | 0.829  |
|             |        | Time     | 27.997              | 13.784 | 10.725 | 23.641  | 67.197  | 13.343                | 4.629  | 6.21   | 13.464 | 22.833 |
|             | 6      | AP       | 0.897               | 0.02   | 0.836  | 0.904   | 0.922   | 0.8                   | 0.181  | 0.147  | 0.83   | 0.908  |
|             |        | AUC      | 0.998               | 0.001  | 0.996  | 0.998   | 0.999   | 0.981                 | 0.067  | 0.73   | 0.998  | 0.999  |
|             |        | F--score | 0.821               | 0.02   | 0.765  | 0.826   | 0.851   | 0.73                  | 0.109  | 0.372  | 0.738  | 0.826  |
|             |        | Time     | 20.053              | 10.388 | 7.425  | 16.488  | 50.366  | 8.973                 | 2.936  | 4.414  | 9.092  | 14.846 |
